{
 "cells": [
  {
   "cell_type": "code",
   "execution_count": 1,
   "id": "d601c3fb-b2ee-46bc-938e-fac9558c2541",
   "metadata": {},
   "outputs": [],
   "source": [
    "def prepare_data():\n",
    "    import pandas as pd\n",
    "    df = pd.read_csv(\"https://raw.githubusercontent.com/TripathiAshutosh/dataset/main/iris.csv\")\n",
    "    print(df.isnull().sum())\n",
    "    df.dropna()\n",
    "    df.to_csv(f'data/final_df.csv',index=False)\n",
    "    print(\"\\n ---- data csv is saved to PV location /data/final_df.csv ----\")"
   ]
  },
  {
   "cell_type": "code",
   "execution_count": 2,
   "id": "0d32e817-fa6e-42dd-868f-9f4a7a54ab9b",
   "metadata": {},
   "outputs": [],
   "source": [
    "def train_test_split():\n",
    "    import pandas as pd\n",
    "    from sklearn.model_selection import train_test_split\n",
    "    print(\"---- Inside train_test_split component ----\")\n",
    "    final_data = pd.read_csv(f'data/final_df.csv')\n",
    "    target_column = 'class'\n",
    "\n",
    "    X = final_data.drop(columns=target_column)\n",
    "    y = final_data[target_column]\n",
    "\n",
    "    X_train,X_test,y_train,y_test = train_test_split(X,y,test_size=0.3,random_state=47)\n",
    "\n",
    "    X_train.to_csv(f'data/X_train.csv', index=False)\n",
    "    X_test.to_csv(f'data/X_test.csv', index=False)\n",
    "    y_train.to_csv(f'data/y_train.csv', index=False)\n",
    "    y_test.to_csv(f'data/y_test.csv', index=False)\n",
    "\n",
    "    print(\"\\n---- X_train ----\")\n",
    "    print(\"\\n\")\n",
    "    print(X_train)\n",
    "    \n",
    "    print(\"\\n---- X_test ----\")\n",
    "    print(\"\\n\")\n",
    "    print(X_test)\n",
    "    \n",
    "    print(\"\\n---- y_train ----\")\n",
    "    print(\"\\n\")\n",
    "    print(y_train)\n",
    "    \n",
    "    print(\"\\n---- y_test ----\")\n",
    "    print(\"\\n\")\n",
    "    print(y_test)\n",
    "    "
   ]
  },
  {
   "cell_type": "code",
   "execution_count": 3,
   "id": "f9b07ad9-50ee-4d62-9b1c-76120505d9df",
   "metadata": {},
   "outputs": [],
   "source": [
    "def training_basic_classifier():\n",
    "    import pandas as pd\n",
    "    from sklearn.linear_model import LogisticRegression\n",
    "    import numpy as np\n",
    "\n",
    "    print(\"---- Inside training_basic_classifier component ----\")\n",
    "\n",
    "    X_train = pd.read_csv('data/X_train.csv')\n",
    "    y_train = pd.read_csv('data/y_train.csv')\n",
    "\n",
    "    classifier = LogisticRegression(max_iter=500)\n",
    "    classifier.fit(X_train,y_train)\n",
    "\n",
    "    import pickle\n",
    "    with open (f'data/model.pkl','wb') as f:\n",
    "        pickle.dump(classifier,f)\n",
    "\n",
    "    print(\"\\n logistic regression classifier is trained on iris data and saved to PV location /data/model.pkl ----\")"
   ]
  },
  {
   "cell_type": "code",
   "execution_count": 4,
   "id": "8496771a-7a8d-4f07-a1ab-6798ab08fd83",
   "metadata": {},
   "outputs": [],
   "source": [
    "def predict_on_test_data():\n",
    "    import pandas as pd\n",
    "    import numpy as np\n",
    "    import pickle\n",
    "    print(\"---- Inside predict_on_test_data component ----\")\n",
    "\n",
    "    with open(f'data/model.pkl','rb') as f:\n",
    "        logistic_reg_model = pickle.load(f)\n",
    "\n",
    "    X_test = pd.read_csv('data/X_test.csv')\n",
    "    y_pred = logistic_reg_model.predict(X_test)\n",
    "    np.save(f'data/y_pred.npy', y_pred)\n",
    "    \n",
    "    print(\"\\n---- Predicted classes ----\")\n",
    "    print(\"\\n\")\n",
    "    print(y_pred)"
   ]
  },
  {
   "cell_type": "code",
   "execution_count": 5,
   "id": "70edfe60-0677-4494-8689-92a767a61f68",
   "metadata": {},
   "outputs": [],
   "source": [
    "def predict_prob_on_test_data():\n",
    "    import pandas as pd\n",
    "    import numpy as np\n",
    "    import pickle\n",
    "    print(\"---- Inside predict_prob_on_test_data component ----\")\n",
    "    with open(f'data/model.pkl','rb') as f:\n",
    "        logistic_reg_model = pickle.load(f)\n",
    "    X_test = pd.read_csv('data/X_test.csv')\n",
    "    y_pred_prob = logistic_reg_model.predict_proba(X_test)\n",
    "    np.save('data/y_pred_prob.npy', y_pred_prob)\n",
    "    \n",
    "    print(\"\\n---- Predicted Probabilities ----\")\n",
    "    print(\"\\n\")\n",
    "    print(y_pred_prob)"
   ]
  },
  {
   "cell_type": "code",
   "execution_count": 6,
   "id": "a28d2df8-78dd-460f-8f55-1d73a6dd0ed0",
   "metadata": {},
   "outputs": [],
   "source": [
    "def get_metrics():\n",
    "    import pandas as pd\n",
    "    import numpy as np\n",
    "    from sklearn.metrics import accuracy_score,precision_score,recall_score,log_loss\n",
    "    from sklearn import metrics\n",
    "    print(\"---- Inside get_metrics component ----\")\n",
    "    y_test = pd.read_csv('data/y_test.csv')\n",
    "    y_pred = np.load('data/y_pred.npy',allow_pickle=True)\n",
    "    y_pred_prob = np.load(f'data/y_pred_prob.npy',allow_pickle=True)\n",
    "    acc = accuracy_score(y_test, y_pred)\n",
    "    prec = precision_score(y_test, y_pred,average='micro')\n",
    "    recall = recall_score(y_test, y_pred,average='micro')\n",
    "    entropy = log_loss(y_test, y_pred_prob)\n",
    "    \n",
    "    print(metrics.classification_report(y_test, y_pred))\n",
    "    print(y_pred)\n",
    "    print(y_pred_prob)\n",
    "    print(\"\\n Model Metrics:\", {'accuracy': round(acc, 2), 'precision': round(prec, 2), 'recall': round(recall, 2), 'entropy': round(entropy, 2)})"
   ]
  },
  {
   "cell_type": "code",
   "execution_count": 7,
   "id": "5a5e9537-4c81-4c6e-95f0-375e205e6e30",
   "metadata": {},
   "outputs": [
    {
     "name": "stdout",
     "output_type": "stream",
     "text": [
      "sepal-length    0\n",
      "sepal-width     0\n",
      "petal-length    0\n",
      "petal-width     0\n",
      "class           0\n",
      "dtype: int64\n",
      "\n",
      " ---- data csv is saved to PV location /data/final_df.csv ----\n",
      "---- Inside train_test_split component ----\n",
      "\n",
      "---- X_train ----\n",
      "\n",
      "\n",
      "     sepal-length  sepal-width  petal-length  petal-width\n",
      "22            4.6          3.6           1.0          0.2\n",
      "125           7.2          3.2           6.0          1.8\n",
      "30            4.8          3.1           1.6          0.2\n",
      "103           6.3          2.9           5.6          1.8\n",
      "146           6.3          2.5           5.0          1.9\n",
      "..            ...          ...           ...          ...\n",
      "72            6.3          2.5           4.9          1.5\n",
      "8             4.4          2.9           1.4          0.2\n",
      "71            6.1          2.8           4.0          1.3\n",
      "134           6.1          2.6           5.6          1.4\n",
      "135           7.7          3.0           6.1          2.3\n",
      "\n",
      "[105 rows x 4 columns]\n",
      "\n",
      "---- X_test ----\n",
      "\n",
      "\n",
      "     sepal-length  sepal-width  petal-length  petal-width\n",
      "10            5.4          3.7           1.5          0.2\n",
      "0             5.1          3.5           1.4          0.2\n",
      "96            5.7          2.9           4.2          1.3\n",
      "5             5.4          3.9           1.7          0.4\n",
      "15            5.7          4.4           1.5          0.4\n",
      "105           7.6          3.0           6.6          2.1\n",
      "88            5.6          3.0           4.1          1.3\n",
      "120           6.9          3.2           5.7          2.3\n",
      "94            5.6          2.7           4.2          1.3\n",
      "47            4.6          3.2           1.4          0.2\n",
      "116           6.5          3.0           5.5          1.8\n",
      "3             4.6          3.1           1.5          0.2\n",
      "99            5.7          2.8           4.1          1.3\n",
      "131           7.9          3.8           6.4          2.0\n",
      "127           6.1          3.0           4.9          1.8\n",
      "102           7.1          3.0           5.9          2.1\n",
      "62            6.0          2.2           4.0          1.0\n",
      "1             4.9          3.0           1.4          0.2\n",
      "18            5.7          3.8           1.7          0.3\n",
      "36            5.5          3.5           1.3          0.2\n",
      "140           6.7          3.1           5.6          2.4\n",
      "54            6.5          2.8           4.6          1.5\n",
      "121           5.6          2.8           4.9          2.0\n",
      "119           6.0          2.2           5.0          1.5\n",
      "124           6.7          3.3           5.7          2.1\n",
      "117           7.7          3.8           6.7          2.2\n",
      "78            6.0          2.9           4.5          1.5\n",
      "136           6.3          3.4           5.6          2.4\n",
      "11            4.8          3.4           1.6          0.2\n",
      "44            5.1          3.8           1.9          0.4\n",
      "108           6.7          2.5           5.8          1.8\n",
      "91            6.1          3.0           4.6          1.4\n",
      "107           7.3          2.9           6.3          1.8\n",
      "46            5.1          3.8           1.6          0.2\n",
      "138           6.0          3.0           4.8          1.8\n",
      "37            4.9          3.1           1.5          0.1\n",
      "24            4.8          3.4           1.9          0.2\n",
      "49            5.0          3.3           1.4          0.2\n",
      "141           6.9          3.1           5.1          2.3\n",
      "40            5.0          3.5           1.3          0.3\n",
      "97            6.2          2.9           4.3          1.3\n",
      "14            5.8          4.0           1.2          0.2\n",
      "100           6.3          3.3           6.0          2.5\n",
      "39            5.1          3.4           1.5          0.2\n",
      "122           7.7          2.8           6.7          2.0\n",
      "\n",
      "---- y_train ----\n",
      "\n",
      "\n",
      "22         Iris-setosa\n",
      "125     Iris-virginica\n",
      "30         Iris-setosa\n",
      "103     Iris-virginica\n",
      "146     Iris-virginica\n",
      "            ...       \n",
      "72     Iris-versicolor\n",
      "8          Iris-setosa\n",
      "71     Iris-versicolor\n",
      "134     Iris-virginica\n",
      "135     Iris-virginica\n",
      "Name: class, Length: 105, dtype: object\n",
      "\n",
      "---- y_test ----\n",
      "\n",
      "\n",
      "10         Iris-setosa\n",
      "0          Iris-setosa\n",
      "96     Iris-versicolor\n",
      "5          Iris-setosa\n",
      "15         Iris-setosa\n",
      "105     Iris-virginica\n",
      "88     Iris-versicolor\n",
      "120     Iris-virginica\n",
      "94     Iris-versicolor\n",
      "47         Iris-setosa\n",
      "116     Iris-virginica\n",
      "3          Iris-setosa\n",
      "99     Iris-versicolor\n",
      "131     Iris-virginica\n",
      "127     Iris-virginica\n",
      "102     Iris-virginica\n",
      "62     Iris-versicolor\n",
      "1          Iris-setosa\n",
      "18         Iris-setosa\n",
      "36         Iris-setosa\n",
      "140     Iris-virginica\n",
      "54     Iris-versicolor\n",
      "121     Iris-virginica\n",
      "119     Iris-virginica\n",
      "124     Iris-virginica\n",
      "117     Iris-virginica\n",
      "78     Iris-versicolor\n",
      "136     Iris-virginica\n",
      "11         Iris-setosa\n",
      "44         Iris-setosa\n",
      "108     Iris-virginica\n",
      "91     Iris-versicolor\n",
      "107     Iris-virginica\n",
      "46         Iris-setosa\n",
      "138     Iris-virginica\n",
      "37         Iris-setosa\n",
      "24         Iris-setosa\n",
      "49         Iris-setosa\n",
      "141     Iris-virginica\n",
      "40         Iris-setosa\n",
      "97     Iris-versicolor\n",
      "14         Iris-setosa\n",
      "100     Iris-virginica\n",
      "39         Iris-setosa\n",
      "122     Iris-virginica\n",
      "Name: class, dtype: object\n",
      "---- Inside training_basic_classifier component ----\n",
      "\n",
      " logistic regression classifier is trained on iris data and saved to PV location /data/model.pkl ----\n",
      "---- Inside predict_on_test_data component ----\n",
      "\n",
      "---- Predicted classes ----\n",
      "\n",
      "\n",
      "['Iris-setosa' 'Iris-setosa' 'Iris-versicolor' 'Iris-setosa' 'Iris-setosa'\n",
      " 'Iris-virginica' 'Iris-versicolor' 'Iris-virginica' 'Iris-versicolor'\n",
      " 'Iris-setosa' 'Iris-virginica' 'Iris-setosa' 'Iris-versicolor'\n",
      " 'Iris-virginica' 'Iris-virginica' 'Iris-virginica' 'Iris-versicolor'\n",
      " 'Iris-setosa' 'Iris-setosa' 'Iris-setosa' 'Iris-virginica'\n",
      " 'Iris-versicolor' 'Iris-virginica' 'Iris-versicolor' 'Iris-virginica'\n",
      " 'Iris-virginica' 'Iris-versicolor' 'Iris-virginica' 'Iris-setosa'\n",
      " 'Iris-setosa' 'Iris-virginica' 'Iris-versicolor' 'Iris-virginica'\n",
      " 'Iris-setosa' 'Iris-virginica' 'Iris-setosa' 'Iris-setosa' 'Iris-setosa'\n",
      " 'Iris-virginica' 'Iris-setosa' 'Iris-versicolor' 'Iris-setosa'\n",
      " 'Iris-virginica' 'Iris-setosa' 'Iris-virginica']\n",
      "---- Inside predict_prob_on_test_data component ----\n",
      "\n",
      "---- Predicted Probabilities ----\n",
      "\n",
      "\n",
      "[[9.63459657e-01 3.65402358e-02 1.06950802e-07]\n",
      " [9.71793505e-01 2.82064159e-02 7.87571091e-08]\n",
      " [1.79938915e-02 9.17956943e-01 6.40491650e-02]\n",
      " [9.54009489e-01 4.59901399e-02 3.70722104e-07]\n",
      " [9.77103082e-01 2.28968361e-02 8.15801222e-08]\n",
      " [1.66056397e-07 8.94327677e-03 9.91056557e-01]\n",
      " [2.75214691e-02 9.21461905e-01 5.10166256e-02]\n",
      " [1.17385137e-05 3.87550058e-02 9.61233256e-01]\n",
      " [1.56791665e-02 9.13594298e-01 7.07265358e-02]\n",
      " [9.74925002e-01 2.50748984e-02 9.97337809e-08]\n",
      " [9.53973975e-05 1.64378668e-01 8.35525934e-01]\n",
      " [9.65473114e-01 3.45267028e-02 1.83135882e-07]\n",
      " [2.02256875e-02 9.28819337e-01 5.09549754e-02]\n",
      " [1.50943470e-06 2.78063547e-02 9.72192136e-01]\n",
      " [1.33551451e-03 4.33042926e-01 5.65621559e-01]\n",
      " [5.56729988e-06 4.14291939e-02 9.58565239e-01]\n",
      " [1.06506976e-02 9.71428618e-01 1.79206844e-02]\n",
      " [9.59359230e-01 4.06406274e-02 1.43043348e-07]\n",
      " [9.34639839e-01 6.53598125e-02 3.48946853e-07]\n",
      " [9.67419382e-01 3.25805621e-02 5.57110347e-08]\n",
      " [1.34991718e-05 3.39063799e-02 9.66080121e-01]\n",
      " [2.79666882e-03 8.15644989e-01 1.81558342e-01]\n",
      " [9.22612014e-04 2.44057617e-01 7.55019771e-01]\n",
      " [5.84810916e-04 5.04915388e-01 4.94499801e-01]\n",
      " [2.47553453e-05 5.90636310e-02 9.40911614e-01]\n",
      " [2.22412142e-07 6.74620059e-03 9.93253577e-01]\n",
      " [6.12999663e-03 8.13674956e-01 1.80195047e-01]\n",
      " [2.34559874e-05 2.91765213e-02 9.70800023e-01]\n",
      " [9.63284247e-01 3.67155416e-02 2.10963744e-07]\n",
      " [9.40463571e-01 5.95354417e-02 9.87586982e-07]\n",
      " [1.16893932e-05 8.13782632e-02 9.18610047e-01]\n",
      " [5.18954206e-03 8.26257946e-01 1.68552512e-01]\n",
      " [1.54319795e-06 3.52119590e-02 9.64786498e-01]\n",
      " [9.68976642e-01 3.10232216e-02 1.36839245e-07]\n",
      " [2.03352864e-03 4.84150106e-01 5.13816365e-01]\n",
      " [9.55685385e-01 4.43144634e-02 1.52033348e-07]\n",
      " [9.31819951e-01 6.81791832e-02 8.65338960e-07]\n",
      " [9.67911880e-01 3.20880206e-02 9.94082970e-08]\n",
      " [1.60756808e-04 1.61129216e-01 8.38710027e-01]\n",
      " [9.78828718e-01 2.11712194e-02 6.26715363e-08]\n",
      " [9.25473358e-03 9.27239042e-01 6.35062243e-02]\n",
      " [9.80059870e-01 1.99401102e-02 1.96273134e-08]\n",
      " [2.30255323e-06 7.75851453e-03 9.92239183e-01]\n",
      " [9.61208199e-01 3.87916567e-02 1.44442643e-07]\n",
      " [9.99546951e-08 9.04183734e-03 9.90958063e-01]]\n",
      "---- Inside get_metrics component ----\n",
      "                 precision    recall  f1-score   support\n",
      "\n",
      "    Iris-setosa       1.00      1.00      1.00        18\n",
      "Iris-versicolor       0.90      1.00      0.95         9\n",
      " Iris-virginica       1.00      0.94      0.97        18\n",
      "\n",
      "       accuracy                           0.98        45\n",
      "      macro avg       0.97      0.98      0.97        45\n",
      "   weighted avg       0.98      0.98      0.98        45\n",
      "\n",
      "['Iris-setosa' 'Iris-setosa' 'Iris-versicolor' 'Iris-setosa' 'Iris-setosa'\n",
      " 'Iris-virginica' 'Iris-versicolor' 'Iris-virginica' 'Iris-versicolor'\n",
      " 'Iris-setosa' 'Iris-virginica' 'Iris-setosa' 'Iris-versicolor'\n",
      " 'Iris-virginica' 'Iris-virginica' 'Iris-virginica' 'Iris-versicolor'\n",
      " 'Iris-setosa' 'Iris-setosa' 'Iris-setosa' 'Iris-virginica'\n",
      " 'Iris-versicolor' 'Iris-virginica' 'Iris-versicolor' 'Iris-virginica'\n",
      " 'Iris-virginica' 'Iris-versicolor' 'Iris-virginica' 'Iris-setosa'\n",
      " 'Iris-setosa' 'Iris-virginica' 'Iris-versicolor' 'Iris-virginica'\n",
      " 'Iris-setosa' 'Iris-virginica' 'Iris-setosa' 'Iris-setosa' 'Iris-setosa'\n",
      " 'Iris-virginica' 'Iris-setosa' 'Iris-versicolor' 'Iris-setosa'\n",
      " 'Iris-virginica' 'Iris-setosa' 'Iris-virginica']\n",
      "[[9.63459657e-01 3.65402358e-02 1.06950802e-07]\n",
      " [9.71793505e-01 2.82064159e-02 7.87571091e-08]\n",
      " [1.79938915e-02 9.17956943e-01 6.40491650e-02]\n",
      " [9.54009489e-01 4.59901399e-02 3.70722104e-07]\n",
      " [9.77103082e-01 2.28968361e-02 8.15801222e-08]\n",
      " [1.66056397e-07 8.94327677e-03 9.91056557e-01]\n",
      " [2.75214691e-02 9.21461905e-01 5.10166256e-02]\n",
      " [1.17385137e-05 3.87550058e-02 9.61233256e-01]\n",
      " [1.56791665e-02 9.13594298e-01 7.07265358e-02]\n",
      " [9.74925002e-01 2.50748984e-02 9.97337809e-08]\n",
      " [9.53973975e-05 1.64378668e-01 8.35525934e-01]\n",
      " [9.65473114e-01 3.45267028e-02 1.83135882e-07]\n",
      " [2.02256875e-02 9.28819337e-01 5.09549754e-02]\n",
      " [1.50943470e-06 2.78063547e-02 9.72192136e-01]\n",
      " [1.33551451e-03 4.33042926e-01 5.65621559e-01]\n",
      " [5.56729988e-06 4.14291939e-02 9.58565239e-01]\n",
      " [1.06506976e-02 9.71428618e-01 1.79206844e-02]\n",
      " [9.59359230e-01 4.06406274e-02 1.43043348e-07]\n",
      " [9.34639839e-01 6.53598125e-02 3.48946853e-07]\n",
      " [9.67419382e-01 3.25805621e-02 5.57110347e-08]\n",
      " [1.34991718e-05 3.39063799e-02 9.66080121e-01]\n",
      " [2.79666882e-03 8.15644989e-01 1.81558342e-01]\n",
      " [9.22612014e-04 2.44057617e-01 7.55019771e-01]\n",
      " [5.84810916e-04 5.04915388e-01 4.94499801e-01]\n",
      " [2.47553453e-05 5.90636310e-02 9.40911614e-01]\n",
      " [2.22412142e-07 6.74620059e-03 9.93253577e-01]\n",
      " [6.12999663e-03 8.13674956e-01 1.80195047e-01]\n",
      " [2.34559874e-05 2.91765213e-02 9.70800023e-01]\n",
      " [9.63284247e-01 3.67155416e-02 2.10963744e-07]\n",
      " [9.40463571e-01 5.95354417e-02 9.87586982e-07]\n",
      " [1.16893932e-05 8.13782632e-02 9.18610047e-01]\n",
      " [5.18954206e-03 8.26257946e-01 1.68552512e-01]\n",
      " [1.54319795e-06 3.52119590e-02 9.64786498e-01]\n",
      " [9.68976642e-01 3.10232216e-02 1.36839245e-07]\n",
      " [2.03352864e-03 4.84150106e-01 5.13816365e-01]\n",
      " [9.55685385e-01 4.43144634e-02 1.52033348e-07]\n",
      " [9.31819951e-01 6.81791832e-02 8.65338960e-07]\n",
      " [9.67911880e-01 3.20880206e-02 9.94082970e-08]\n",
      " [1.60756808e-04 1.61129216e-01 8.38710027e-01]\n",
      " [9.78828718e-01 2.11712194e-02 6.26715363e-08]\n",
      " [9.25473358e-03 9.27239042e-01 6.35062243e-02]\n",
      " [9.80059870e-01 1.99401102e-02 1.96273134e-08]\n",
      " [2.30255323e-06 7.75851453e-03 9.92239183e-01]\n",
      " [9.61208199e-01 3.87916567e-02 1.44442643e-07]\n",
      " [9.99546951e-08 9.04183734e-03 9.90958063e-01]]\n",
      "\n",
      " Model Metrics: {'accuracy': 0.98, 'precision': 0.98, 'recall': 0.98, 'entropy': 0.1}\n"
     ]
    },
    {
     "name": "stderr",
     "output_type": "stream",
     "text": [
      "/Applications/anaconda3/lib/python3.11/site-packages/sklearn/utils/validation.py:1143: DataConversionWarning: A column-vector y was passed when a 1d array was expected. Please change the shape of y to (n_samples, ), for example using ravel().\n",
      "  y = column_or_1d(y, warn=True)\n"
     ]
    }
   ],
   "source": [
    "prepare_data()\n",
    "train_test_split()\n",
    "training_basic_classifier()\n",
    "predict_on_test_data()\n",
    "predict_prob_on_test_data()\n",
    "get_metrics()"
   ]
  },
  {
   "cell_type": "code",
   "execution_count": null,
   "id": "2224440a-fdc4-43c9-b1e6-7732189513bd",
   "metadata": {},
   "outputs": [],
   "source": []
  },
  {
   "cell_type": "code",
   "execution_count": null,
   "id": "6cc2f639-abe7-4777-a6cc-7d6c42dc5b80",
   "metadata": {},
   "outputs": [],
   "source": []
  }
 ],
 "metadata": {
  "kernelspec": {
   "display_name": "Python 3 (ipykernel)",
   "language": "python",
   "name": "python3"
  },
  "language_info": {
   "codemirror_mode": {
    "name": "ipython",
    "version": 3
   },
   "file_extension": ".py",
   "mimetype": "text/x-python",
   "name": "python",
   "nbconvert_exporter": "python",
   "pygments_lexer": "ipython3",
   "version": "3.11.7"
  }
 },
 "nbformat": 4,
 "nbformat_minor": 5
}
